1.005191e+02
6.947419e+01
1.106479e+02
2.616980e+00
9.552828e+00
-1.285856e+01
-4.901424e+00
3.292194e+01
-2.029718e+01
9.136246e+00
-4.271866e+01
2.547809e+00
1.450102e+01
3.291883e+01
-1.279523e+01
-2.203074e+01
2.525338e+01
2.584092e+01
6.630125e+00
-3.217388e+00
-4.001916e+01
-9.104484e+00
8.076349e+00
1.443594e+01
1.849007e+01
-2.076727e+01
-5.469650e+01
-4.484243e+01
-2.348465e+01
-1.500574e+00
-3.172935e+01
1.687301e+01
-1.653127e+01
-2.217972e+01
-7.707352e+01
-4.738682e+01
-4.769524e+01
-4.283659e+01
-2.653341e+01
-8.740794e+01
-1.097022e+01
1.162175e+00
-6.107925e+01
-3.381587e+01
-2.997375e+01
1.176299e+01
-1.172141e+01
3.570748e+00
2.161791e+01
-9.436352e+01
2.427600e+01
-5.809907e+01
-5.762387e+01
-2.386580e+01
-4.460552e+01
-7.823724e+01
-6.087329e+01
-8.460048e+00
-6.737286e+01
-3.208689e+01
-1.663918e+01
4.775455e+00
-1.158134e+01
3.434189e+01
-5.174754e+01
-7.192338e+01
-4.126791e+01
-1.080077e+01
-1.046309e+02
-3.112460e+01
-9.766992e+00
-5.633883e-01
1.135577e+01
1.794740e+02
1.101396e+02
1.703236e+02
1.013261e+01
-4.249839e+00
8.895069e+01
-4.985477e+01
6.394219e+01
-4.981068e+00
-5.087906e+00
-3.411129e+01
-7.152140e+00
3.550035e+01
-2.319129e+01
3.027671e+01
5.523273e+01
3.774206e+01
-1.033790e+01
8.342669e+01
7.663202e+01
9.280910e+01
3.782549e+01
1.315270e+02
5.753455e+01
